image: mapname_one.pgm
resolution: 0.050000
origin: [-2.857920, -2.128259, 0.000000]
negate: 0
occupied_thresh: 0.65
free_thresh: 0.196

